7.714619890430159110e-02
7.654727089455751199e-02
7.483533084545673786e-02
7.223585257639920931e-02
6.905847029963857464e-02
7.633859584092762829e-02
7.322438136131385888e-02
7.115875780752992097e-02
6.982378305491961090e-02
6.900348284358817641e-02
6.854850957026938085e-02
6.835401733906189270e-02
6.835356118286328719e-02
6.849583198639727644e-02
6.875312851893396193e-02
6.910627595152503411e-02
6.954039017438881642e-02
7.004952465545759288e-02
7.062900283714658445e-02
7.127385807919522920e-02
7.198064539311110899e-02
7.274748161111574407e-02
7.357297401313435403e-02
7.445546678066346236e-02
7.539289991397858659e-02
7.638300105342225865e-02
7.742349376559591601e-02
7.851221864948704221e-02
7.964715520280281347e-02
8.082642021432993873e-02
8.204823461751011016e-02
8.331091745341349941e-02
8.461285878663669935e-02
8.595252684033163892e-02
8.732845010667640573e-02
8.873922837521676377e-02
9.018352381100697146e-02
9.166006277150874626e-02
9.316764431523238965e-02
9.470511340327518457e-02
9.627140925120952764e-02
9.786547439188497677e-02
9.948638960671843390e-02
1.011331496586683198e-01
1.028049774703498898e-01
1.045008307626191790e-01
1.062200766890058629e-01
1.079614627944128491e-01
1.097245058778412441e-01
1.115073980005406029e-01
1.133098084668491684e-01
1.151286356533505195e-01
1.169636534005967649e-01
1.188086971130265790e-01
1.206632885993771248e-01
1.225133771695279122e-01
1.243561483522629962e-01
1.261549912895139347e-01
1.278911618012820162e-01
1.294517972194328403e-01
1.307054750024727874e-01
1.311367881760783227e-01
1.301591668240516253e-01
1.281215238435981507e-01
1.255367274066922778e-01
1.226633141567809449e-01
1.196182878827648649e-01
1.164570141921452279e-01
1.132070698604166342e-01
1.098828536527585581e-01
1.064923241804622278e-01
1.030401951649537046e-01
9.952947033890786888e-02
9.596230671966209103e-02
9.234024306798868653e-02
8.866469616462156755e-02
8.493661493692819531e-02
8.115722087468718593e-02
7.732707991923834512e-02
7.344743912277436337e-02
6.951851439626927087e-02
6.554171254853324857e-02
6.151695272352977750e-02
5.744591847134621065e-02
5.332848826921408186e-02
4.916675496555757835e-02
4.496130199109832359e-02
4.071485504287979118e-02
3.643054265683206422e-02
3.211241914870896497e-02
2.777095623787205828e-02
2.341463410426124214e-02
1.907615901866724362e-02
1.478406517690385169e-02
1.064840783877414251e-02
6.810474235766147445e-03
3.761598686718963490e-03
1.935037338810134157e-03
1.004384100341192045e-03
5.347009014111320842e-04
2.924242911508662243e-04
1.653436524776335874e-04
9.802549153941683268e-05
6.216910256193249203e-05
4.301340220044858786e-05
3.276326586754526915e-05
2.727371221691410157e-05
2.433237264928558516e-05
2.275599637121878180e-05
2.191104700699728091e-05
2.145811765228391156e-05
2.121531984480529663e-05
2.108516335606199667e-05
2.101539001223950214e-05
2.097798638618741631e-05
2.095793533396536924e-05
2.094718655089474173e-05
2.094142446464300109e-05
2.093833560383059246e-05
2.093667977698704423e-05
2.093579215226074709e-05
2.093531633338982316e-05
2.093506126794139231e-05
2.093492453939499969e-05
2.093485124610090412e-05
2.093481195749301801e-05
2.093479089711005096e-05
2.093477960791521159e-05
2.093477355650479445e-05
2.093477031275732344e-05
2.093476857401954487e-05
2.093476764201579633e-05
2.093476714244447154e-05
2.093476687466732451e-05
2.093476673113640576e-05
2.093476665420325935e-05
2.093476661296718826e-05
2.093476659086498498e-05
2.093476657901842961e-05
2.093476657266892833e-05
2.093476656926571258e-05
2.093476656744173216e-05
2.093476656646412062e-05
2.093476656594018669e-05
2.093476656565935123e-05
2.093476656550885719e-05
2.093476656542821287e-05
2.093476656538499725e-05
2.093476656536181227e-05
2.093476656534939815e-05
2.093476656534274386e-05
2.093476656533919310e-05
2.093476656533727542e-05
2.093476656533625220e-05
2.093476656533571010e-05
2.093476656533541194e-05
2.093476656533525609e-05
2.093476656533517478e-05
2.093476656533513412e-05
2.093476656533510701e-05
2.093476656533509346e-05
2.093476656533508668e-05
2.093476656533508668e-05
2.093476656533508330e-05
2.093476656533508330e-05
2.093476656533508330e-05
2.093476656533508330e-05
2.093476656533508330e-05
2.093476656533508330e-05
2.093476656533508330e-05
2.093476656533508330e-05
2.093476656533508330e-05
2.093476656533508330e-05
2.093476656533508330e-05
2.093476656533508330e-05
2.093476656533508330e-05
2.093476656533508330e-05
2.093476656533508330e-05
2.093476656533508330e-05
2.093476656533508330e-05
2.093476656533508330e-05
2.093476656533508330e-05
2.093476656533508330e-05
2.093476656533508330e-05
2.093476656533508330e-05
2.093476656533508330e-05
2.093476656533508330e-05
2.093476656533508330e-05
2.093476656533511718e-05
2.093476656533511718e-05
2.093476656533518155e-05
2.093476656533522560e-05
2.093476656533546616e-05
2.093476656533391778e-05
2.093476656533397538e-05
2.093476656533679769e-05
2.093476656533359591e-05
2.093476656533348071e-05
2.093476656533630980e-05
2.093476656533614378e-05
2.093476656533440567e-05
