5.053729518826907685e-02
4.985398979296953859e-02
4.919487044958064520e-02
4.855833575839387656e-02
4.794297382054911461e-02
4.734753170983983794e-02
4.677089072351702653e-02
4.621204618743762066e-02
4.567009087419708624e-02
4.514420130567070588e-02
4.463362637236353847e-02
4.413767782453152655e-02
4.365572228390388054e-02
4.318717449715051004e-02
4.273149160834831956e-02
4.228816827173012549e-02
4.185673246109360840e-02
4.143674186067045073e-02
4.102778074525245677e-02
4.062945727523187278e-02
4.024140114475350388e-02
3.986326152889355795e-02
3.949470528110249345e-02
3.913541533932345801e-02
3.878508931140722121e-02
3.844343822506721131e-02
3.811018543476258486e-02
3.778506566869193478e-02
3.746782418095746803e-02
3.715821597343633292e-02
3.685600508500566641e-02
3.656096397984544971e-02
3.627287304393088385e-02
3.599152013366572339e-02
3.571670012103229930e-02
3.544821447775584056e-02
3.518587097348197662e-02
3.492948343284334872e-02
3.467887143935158289e-02
3.443386005107539061e-02
3.419427965045290785e-02
3.395996580938616394e-02
3.373075905195906804e-02
3.350650470021104138e-02
3.328705283811431159e-02
3.307225814807016051e-02
3.286197974280893885e-02
3.265608117194086085e-02
3.245443030617102542e-02
3.225689916748056274e-02
3.206336396073049960e-02
3.187370495883343896e-02
3.168780634780707373e-02
3.150555627695494215e-02
3.132684670088724255e-02
3.115157327353853742e-02
3.097963538497917890e-02
3.081093594903338423e-02
3.064538138470861844e-02
3.048288157036831841e-02
3.032334963636982086e-02
3.016670201437532742e-02
3.001285826252238220e-02
2.986174096548118578e-02
2.971327573888196683e-02
2.956739099667305554e-02
2.942401797650993911e-02
2.928309059843901135e-02
2.914454532717122848e-02
2.900832119284317903e-02
2.887435956244077326e-02
2.874260414663987184e-02
2.861300088746981246e-02
2.848549780479725513e-02
2.836004502816205641e-02
2.823659458843946410e-02
2.811510040357730403e-02
2.799551820950313408e-02
2.787780539248710041e-02
2.776192103030096850e-02
2.764782572753777048e-02
2.753548155883355983e-02
2.742485206347709814e-02
2.731590207148355126e-02
2.720859772532725762e-02
2.710290640231794931e-02
2.699879659284306135e-02
2.689623794022893283e-02
2.679520112151491384e-02
2.669565778436439746e-02
2.659758057284473606e-02
2.650094300147765036e-02
2.640571942975623171e-02
2.631188507222693984e-02
2.621941588303290313e-02
2.612828854561995498e-02
2.603848047836792787e-02
2.594996973377582464e-02
2.586273498692636535e-02
2.577675554762615465e-02
2.569201127635763540e-02
2.560848255933668299e-02
2.552615033063029490e-02
2.544499601235203357e-02
2.536500146953414234e-02
2.528614903262825855e-02
2.520842147299387839e-02
2.513180194511750384e-02
2.505627398785623822e-02
2.498182153378723791e-02
2.490842886666086442e-02
2.483608058938419072e-02
2.476476163616752463e-02
2.469445726884962958e-02
2.462515303944375067e-02
2.455683477080395846e-02
2.448948856648308289e-02
2.442310080684174586e-02
2.435765812110850942e-02
2.429314736939960570e-02
2.422955564717736363e-02
2.416687028693695685e-02
2.410507884160545053e-02
2.404416906550017538e-02
2.398412890995912233e-02
2.392494652724204418e-02
2.386661026676815955e-02
2.380910866158599676e-02
2.375243041631716623e-02
2.369656440406618658e-02
2.364149966793403779e-02
2.358722541879203563e-02
2.353373102721827842e-02
2.348100601440999274e-02
2.342904004707711471e-02
2.337782293650610133e-02
2.332734463826543689e-02
2.327759524966436719e-02
2.322856500590999781e-02
2.318024428240444967e-02
2.313262363359187487e-02
2.308569402287524372e-02
2.303944808223506654e-02
2.299388698584640608e-02
2.294905809181767634e-02
2.290526160605355771e-02
2.286418033316176338e-02
2.283503173104938291e-02
2.286863200083425959e-02
2.324858347330180722e-02
2.550348770412939198e-02
3.743547990587080959e-02
1.023158570381269145e-01
2.045997462728278704e-01
2.943462331451315306e-01
3.659376776354069105e-01
4.240795737564787005e-01
4.728138734636371798e-01
5.145994766515045171e-01
5.507801203357232112e-01
5.819506300384820197e-01
6.081360137409899114e-01
6.288461340381639175e-01
6.430560866190828673e-01
6.491571189110447726e-01
6.449472613770454998e-01
6.277904159373126625e-01
5.951506684413381265e-01
5.457093539428382600e-01
4.809664363236635931e-01
4.064420066045112412e-01
3.309317751118376894e-01
2.633001628015783080e-01
2.089268946035699459e-01
1.686187246040104226e-01
1.401408732240465305e-01
1.203526155314292995e-01
1.064976750525096494e-01
9.657532172521290925e-02
8.925477055998741471e-02
8.368010841630046937e-02
7.930289895298610336e-02
7.576748568154155483e-02
7.283872501746832540e-02
7.035769448863303521e-02
6.821457323647124593e-02
6.633183743750682704e-02
6.465366005303020691e-02
6.313908897200853909e-02
6.175756661666110398e-02
6.048592888101583104e-02
5.930635723534311704e-02
5.820495680864885835e-02
5.717075309850801895e-02
5.619497344880840933e-02
5.527052533856156163e-02
5.439161271412889381e-02
5.355345048045885570e-02
5.275204968401359801e-02
5.198405421174967511e-02
5.124661544795474505e-02
