5.175146272865268487e-02
5.177459944142843995e-02
5.180801472456608020e-02
5.185149609156516903e-02
5.190484860027982927e-02
5.196789248878457695e-02
5.204046118860965880e-02
5.212239964561111299e-02
5.221356289367278664e-02
5.231381483792517384e-02
5.242302721304850643e-02
5.254107868916726987e-02
5.266785410335081408e-02
5.280324379920587480e-02
5.294714306076100940e-02
5.309945162987249334e-02
5.326007329862023770e-02
5.342891556934981079e-02
5.360588937511091140e-02
5.379090885281431755e-02
5.398389116188841846e-02
5.418475634412588809e-02
5.439342722565165822e-02
5.460982936591363135e-02
5.483389105532732871e-02
5.506554335074993756e-02
5.530472012648193769e-02
5.555135812706541582e-02
5.580539704077626395e-02
5.606677963348580956e-02
5.633545194331826544e-02
5.661136346381978601e-02
5.689446725692596379e-02
5.718472007133612589e-02
5.748208258939040832e-02
5.778651972372811363e-02
5.809800075031093525e-02
5.841649935694066820e-02
5.874199391190858960e-02
5.907446781084418203e-02
5.941390949602091964e-02
5.976031244864071085e-02
6.011367557938539219e-02
6.047400341418749520e-02
6.084130585864930968e-02
6.121559845032653602e-02
6.159690269688654352e-02
6.198524569834078235e-02
6.238066026443090523e-02
6.278318532118921935e-02
6.319286537754223443e-02
6.360975064926145672e-02
6.403389742004553242e-02
6.446536731871696513e-02
6.490422766013113909e-02
6.535055153299236530e-02
6.580441702526150516e-02
6.626590788588042347e-02
6.673511303822955709e-02
6.721212619704779179e-02
6.769704653258983018e-02
6.818997763751920294e-02
6.869102796046115678e-02
6.920031075927531028e-02
6.971794326502676886e-02
7.024404758613340960e-02
7.077874969769440416e-02
7.132217967014005400e-02
7.187447192340960800e-02
7.243576417606896467e-02
7.300619847167989784e-02
7.358592025241782186e-02
7.417507843435057480e-02
7.477382591743481077e-02
7.538231840252962446e-02
7.600071546242802289e-02
7.662917982889537460e-02
7.726787718631701607e-02
7.791697702393721170e-02
7.857665137517620690e-02
7.924707570939130974e-02
7.992842876150645093e-02
8.062089177979642196e-02
8.132464971137351450e-02
8.203989021611239607e-02
8.276680381559793631e-02
8.350558466045730766e-02
8.425642934906872605e-02
8.501953772486889327e-02
8.579511306069848020e-02
8.658336107905317824e-02
8.738449100946521497e-02
8.819871537834489406e-02
8.902624928211537447e-02
8.986731147336504688e-02
9.072212401534771042e-02
9.159091167213073703e-02
9.247390293941998296e-02
9.337132978865664290e-02
9.428342701154099337e-02
9.521043312917328028e-02
9.615259042402854450e-02
9.711014417056761105e-02
9.808334325823084288e-02
9.907244064676878903e-02
1.000776926353962315e-01
1.010993589523427466e-01
1.021377035212361617e-01
1.031929941701129061e-01
1.042655021532268855e-01
1.053555026996763760e-01
1.064632754245690149e-01
1.075891038530294302e-01
1.087332752419657295e-01
1.098960811497627782e-01
1.110778176747627688e-01
1.122787850487204919e-01
1.134992875143018831e-01
1.147396337838731822e-01
1.160001373176739320e-01
1.172811160708848721e-01
1.185828922842241673e-01
1.199057927408743868e-01
1.212501491305217338e-01
1.226162980565952965e-01
1.240045808102014230e-01
1.254153433395848449e-01
1.268489365111494516e-01
1.283057163645642540e-01
1.297860441233923412e-01
1.312902860589873766e-01
1.328188134579475765e-01
1.343720027824108765e-01
1.359502358895767482e-01
1.375539001417046825e-01
1.391833883791415705e-01
1.408390988644519504e-01
1.425214353103187170e-01
1.442308070078142102e-01
1.459676289844458463e-01
1.477323221125611818e-01
1.495253131431222293e-01
1.513470346953850465e-01
1.531979252318765861e-01
1.550784289160399010e-01
1.569889946238246514e-01
1.589300701906634083e-01
1.609020709057391862e-01
1.629052077864254211e-01
1.649385423654390892e-01
1.669945891904692503e-01
1.690227378530767266e-01
1.706032286793760511e-01
1.708571779193848728e-01
1.696700117781853312e-01
1.672891667990514253e-01
1.639301546636140472e-01
1.597413697556276657e-01
1.548266318571136224e-01
1.492645768439316845e-01
1.431215007003731332e-01
1.364605238397103293e-01
1.293493230946239914e-01
1.218678354784724915e-01
1.141167138642466966e-01
1.062265561892914989e-01
9.836653341213814905e-02
9.074850575969264921e-02
8.361922152952741549e-02
7.723136959036211446e-02
7.179069266600489330e-02
6.739610466037426750e-02
6.400964371155565269e-02
6.148200631048367226e-02
5.961635944048699481e-02
5.822734691674399943e-02
5.716993205491795182e-02
5.634197742186461411e-02
5.567517213293860651e-02
5.512453530235905674e-02
5.466026276048210203e-02
5.426225351277062792e-02
5.391664116810595403e-02
5.361363022558589958e-02
5.334613908422585621e-02
5.310893568468772613e-02
5.289807592629304500e-02
5.271053104893003161e-02
5.254393522592367555e-02
5.239641119243863832e-02
5.226644755365725953e-02
5.215281097794974285e-02
5.205448236370424642e-02
5.197060975790911141e-02
5.190047316190772586e-02
5.184345789340630978e-02
5.179903418887726180e-02
5.176674141326331746e-02
5.174617571013019612e-02
5.173698024833337655e-02
5.173883744787784872e-02
